- name: 1.22320.1
  href: 1.22320.1.md
- name: 1.22339.1
  href: 1.22339.1.md

