- name: 1.22320.1
  href: 1.22320.1.md

