- name: 1.22320.1
  href: 1.22320.1.md
- name: 1.22339.1
  href: 1.22339.1.md
- name: 1.23044.1
  href: 1.23044.1.md
- name: 1.23050.2
  href: 1.23050.2.md
