- name: 1.22335.1
  href: 1.22335.1.md

