- name: 1.22320.0.1
  href: 1.22320.0.1.md

