- name: 1.22320.0.1
  href: 1.22320.0.1.md
- name: 1.22339.0.1
  href: 1.22339.0.1.md
- name: 1.23044.0.1
  href: 1.23044.0.1.md
